0.013228690123111016
0.008330757574462838
0.006809342447527102
0.0061013676640331825
0.005743054140451922
0.0055053039595181616
0.005318235856759415
0.005187709784362988
0.00508218582488408
0.0049884303353152784
0.004904954468680832
0.004838387562335233
0.004780567813233431
0.004734747337991205
0.004684595223877552
0.004655333251352747
0.004618604333410182
0.004579854153693344
0.004548853269302164
0.004514136174441229
0.004497233722047371
0.004476739632988216
0.004450576291609585
0.004426805923812496
0.004413923237821372