0.010241126205294281
0.005089986950141793
0.004684085232958748
0.004552132107414525
0.004481050703387107
0.004433384123652616
0.004395954592685354
0.0043650206689965585
0.004338731267390356
0.004315270565825888
0.004293800558533976
0.004273211499651271
0.004253243869993643
0.004233522249970366
0.004213951004638021
0.004194215523804513
0.004174225159258427
0.0041540764573531775
0.004133539588346713
0.004112607853242422
0.00409149546672318
0.0040701491498972555
0.0040485762725675604
0.004026988560544213
0.004005503991103917