0.015501802023360224
0.010620996654277532
0.00739453632409317
0.006159092026213775
0.0056521103618104645
0.005354878090584443
0.005178914725384162
0.005056163496046866
0.004962269977056894
0.004898606516839479
0.00483848429894994
0.004794862267148804
0.004751757173040067
0.004717338159981549
0.004689501860259263
0.004659258284361161
0.004637346885866901
0.004616962798911397
0.004597040723540871
0.004577155167934834
0.004559358912685492
0.004544215488390056
0.0045280203750780726
0.004515089422514944
0.004504871426771987