0.04614871855194386
0.04587470007607799
0.04551150724055889
0.04512284751703609
0.044616571453757865
0.043976944831077946
0.04298741775568569
0.041468696028486386
0.039025575261340324
0.03580248483967496
0.032480512422892904
0.028623425044610948
0.024436032400225915
0.020275591036950084
0.017083351384076434
0.014970764010280264
0.01357555481953415
0.0127098424893775
0.012075727959382929
0.011499608648445557
0.010985673168826178
0.010714167608878816
0.010443350488816472
0.01006990145706177
0.01020463014471609
0.00978558753145788
0.00949928102672674
0.009336159226553085
0.009178068722676467
0.008940252242988434
0.008921726725260494
0.008651798994360152
0.008680472708478722
0.00844318176395645
0.008310584528268347
0.008388683178941298
0.008142257909002137
0.00803193085346966
0.008032525312506696
0.008065868590829089
0.007815099509989166
0.007780169388475381
0.007726560114184023
0.007594226738983425
0.007620495832759114
0.0075067627639116554
0.007506850529448019
0.007333757467130367
0.007380166347679216
0.007319695323162437
0.0071961283767594825
0.007200898683766164
0.007188133524751736
0.007104281177532267
0.006978889965065815
0.007005471741967642
0.006893066451759411
0.006896197637437347
0.006851353513364274
0.006852404460964238
0.006768976294781114
0.006783794529216078
0.00676854172543402
0.006662196331797715
0.0065806345179024155
0.00654359083257508
0.006607830783015045
0.006547806524080478
0.006459207514823696
0.006350836205960227
0.00644620717093671
0.006496368748921602
0.006316727196970293
0.006376974952041172
0.006227710770380464
0.006360314742084373
0.006248610530361884
0.006225185977498914
0.006194517040885409
0.006099947479861084
0.006165700079599567
0.006198974905606459
0.006049638209593623
0.006171555071204421
0.00613378493163737
0.006002147046681549
0.0059461755762666
0.005998575153531156
0.006066548566813798
0.00598972212395808
0.005935906978402002
0.005950488437209609
0.005827750977109244
0.005881150409186541
0.00586156902622784
0.005821814515607411
0.0058499813534961575
0.005774869691892799
0.005805242980934061
0.005808876183734166