0.01755608288058348
0.016195160468615317
0.015002599974379811
0.013218462655365307
0.009641004205561474
0.006550209166560648
0.005800844841572503
0.005491691954235864
0.005325239847177955
0.00521245764449885
0.0051311034595525485
0.0050643887692635395
0.005013235093021773
0.004963498190061131
0.004931160677441205
0.004900421443465932
0.004870447292199577
0.004847342814136459
0.00482620325382663
0.004808725193383512
0.004791717046732038
0.004774546115001384
0.004760924159063117
0.004751060278295266
0.004735824478674095