0.017849905522390772
0.010845473233244255
0.006183751642071989
0.005722291081613787
0.005483329702272487
0.005338796013558464
0.005233826991191516
0.005155749154171858
0.00509593487966332
0.005045547733128846
0.004997785710466999
0.004960242258974059
0.004925713495760769
0.0048962086497279685
0.004870154976629697
0.004842721332628175
0.00481834129214347
0.004797639889500784
0.0047804893486736505
0.004764749836130402
0.004753417703276775
0.004734277468939173
0.004725923949148679
0.0047113916660657534
0.004702399347055993