0.016920259098506633
0.015327963886348986
0.013609739467378357
0.010921890699002717
0.007468109721072073
0.005952854981105583
0.005491148208615498
0.0052684615049610455
0.005147208706320719
0.005057183707269251
0.004995855566112386
0.004948744376683931
0.004905160238345331
0.004866678645263571
0.004845352750081052
0.004816497086223679
0.004796198859952053
0.004778791328853149
0.004762984756951172
0.004746146577778023
0.0047355869817522385
0.004720884175557563
0.004706372475052166
0.004696819591171898
0.0046887033063334445