0.01526649039486945
0.009931203332640224
0.007291489777847294
0.006199965226178084
0.005675937227046384
0.005379022486226559
0.005193502726126217
0.00505246939539251
0.004958285791260699
0.004882389977533255
0.004822690684096869
0.004773464534503757
0.0047279418063519785
0.0046913925059408985
0.004663977526766469
0.0046266378913609185
0.00460418713886041
0.0045798973743008285
0.004557200158567918
0.004542547762419725
0.00452453760667118
0.004509306563157102
0.004495592917822657
0.004480255756572325
0.004464552975111303