0.01526957202193483
0.013346543182960075
0.006440390547201789
0.003147936019419102
0.002563885471865467
0.002328250505455307
0.002194864307754754
0.002100827509298922
0.002040081192990648
0.0019874965920124916
0.0019434889658658094
0.0019096496808471426
0.0018857153728223405
0.001863417278836076
0.0018389995084216785
0.0018223981959634612
0.0018071422194856494
0.0017880916460238402
0.0017807134083503524
0.0017626570543034469
0.0017560524209550429
0.0017447511306619861
0.0017357268896528405
0.0017276854070755194
0.001720894154602648