0.017224013732451714
0.012970387905219939
0.004102016110026156
0.002911815350861045
0.002602610267061523
0.0024581239968700192
0.0023497878505965284
0.00227728878250384
0.0022230347907007285
0.002180165181987161
0.002138274337038979
0.0021056247600935753
0.002086748445017468
0.00206289208903701
0.0020434806717311315
0.0020311472438523663
0.002012757138163227
0.001998752101277177
0.0019894829732475575
0.001974082753538292
0.0019656769768208724
0.0019560609850745618
0.0019495711704915681
0.0019373816352447634
0.0019331855179402066