0.011051408756474174
0.00590924380291502
0.005431192531525283
0.005214398560515813
0.0050797817760471825
0.00498688455159869
0.00491501271866408
0.0048606951038252175
0.004812438794328344
0.004775577357613068
0.0047457296757840925
0.0047210293129748395
0.004693924109132948
0.004670969017639683
0.004650029115716231
0.004635017090698586
0.004618952246863759
0.004602030739461841
0.004585910436530065
0.004575515280330496
0.004558554714528696
0.004545596772497314
0.004537795544005244
0.004524328784184229
0.004515475610327406